$ 1 0.000005 15.472767971186109 64 5 50 5e-11
E -992 -560 -592 -560 8 -0.0000039628228995022115 2.9999960371771004 0.962826866287935 11.97433010942304 7.98368502828969 0 11.975527542433987 11.975527541835204 11.975527542433982 0 11.975527542433985 0 0 4.986167395621519 0 0 0 0 0 0 0 0 0 0 0
x -1103 -957 -286 -954 4 24 BỘ\sMÔ\sPHỎNGTHU\sTHẬP\sTÍN\sHIỆU\sHỆ\sTHỐNG\sPHUN\sXĂNG\sĐÁNH\sLỬA
404 -1632 -496 -1632 -592 0 0.0613 6.73 0 false
v -1632 -384 -1632 -496 0 0 40 12 0 0 0.5
g -1632 -384 -1632 -336 0 0
s -1296 -736 -1184 -736 0 0 false
404 -1184 -736 -992 -736 0 0.0613 6.73 0 false
404 -1296 -736 -1504 -736 0 0.0613 6.73 0 false
w -1632 -736 -1632 -592 0
x -1742 -440 -1671 -437 4 14 Nguồn\sđiện
x -1718 -543 -1670 -540 4 14 Cầu\schì
x -1411 -759 -1363 -756 4 14 Cầu\schì
x -1120 -767 -1072 -764 4 14 Cầu\schì
x -1274 -770 -1209 -767 4 14 Khóa\sĐiện
w -1504 -736 -1632 -736 0
w -1504 -704 -1504 -736 0
178 -1216 -672 -1360 -672 6 1 0.2 0.399184251414429 0.05 1000000 0.02 20 0.015 0.001 1
w -1504 -704 -1040 -704 0
w -1040 -704 -992 -704 0
w -1216 -672 -1040 -672 0
w -1040 -672 -992 -672 0
g -1360 -640 -1360 -608 0 0
w -992 -640 -1216 -640 0
g -1360 -688 -1440 -688 0 0
w -1360 -656 -1504 -656 0
w -1504 -656 -1504 -704 0
418 -1456 -480 -1456 -576 0 1 100 3 0 0 0.5
w -1456 -576 -1312 -576 0
w -1296 -608 -1312 -576 0
w -1296 -608 -992 -608 0
w -1456 -480 -1408 -480 0
w -1408 -480 -1408 -544 0
w -1408 -544 -1296 -544 0
w -1296 -544 -1280 -576 0
w -1280 -576 -992 -576 0
419 -1296 -512 -1296 -432 0 1 40 3 0 0 0.5
w -1296 -512 -1296 -544 0
w -1296 -432 -1264 -432 0
w -1264 -432 -1264 -544 0
w -1264 -544 -992 -544 0
g -992 -320 -992 -208 0 0
w -992 -320 -992 -384 0
b -1520 -576 -1417 -473 0
b -1376 -512 -1271 -425 0
x -1524 -453 -1434 -450 4 14 Cảm\sBiến\sCkp
x -1396 -406 -1300 -403 4 14 Cảm\sBiến\sCMP
x -938 -785 -621 -782 4 24 Bộ\sđiều\skhiển\strung\stâm(\sEcu)
b -1120 -1040 -242 -925 0
187 -592 -496 -448 -496 0 1000 1000000000 1000 0.001
187 -592 -464 -448 -464 0 1000 1000000000 1000 0.001
187 -592 -432 -448 -432 0 1000 1000000000 1000 0.001
187 -592 -400 -448 -400 0 1000 1000000000 1000 0.001
g -448 -496 -400 -496 0 0
g -448 -464 -400 -464 0 0
g -448 -432 -400 -432 0 0
g -448 -400 -400 -400 0 0
o 29 64 0 x81013 5 0.1 0 2 1.25 0 29 3 0.025 0
