$ 1 0.000005 15.472767971186109 64 5 50 5e-11
E -992 -560 -592 -560 8 0 0 0 11.97433010942304 7.98368502828969 0 11.975527542433987 11.975527541835204 11.975527542433982 0 11.975527542433985 0 0 4.986167395621519 0 0 0 0 0 0 0 0 0 0 0
404 -1632 -496 -1632 -592 0 0.0613 6.73 0 false
v -1632 -384 -1632 -496 0 0 40 12 0 0 0.5
g -1632 -384 -1632 -336 0 0
s -1296 -736 -1184 -736 0 0 false
404 -1184 -736 -992 -736 0 0.0613 6.73 0 false
404 -1296 -736 -1504 -736 0 0.0613 6.73 0 false
w -1632 -736 -1632 -592 0
x -1742 -440 -1671 -437 4 14 Nguồn\sđiện
x -1718 -543 -1670 -540 4 14 Cầu\schì
x -1411 -759 -1363 -756 4 14 Cầu\schì
x -1120 -767 -1072 -764 4 14 Cầu\schì
x -1274 -770 -1209 -767 4 14 Khóa\sĐiện
w -1504 -736 -1632 -736 0
w -1504 -704 -1504 -736 0
178 -1216 -672 -1360 -672 6 1 0.2 0.399184251414429 0.05 1000000 0.02 20 0.015 0.001 1
w -1504 -704 -1040 -704 0
w -1040 -704 -992 -704 0
w -1216 -672 -1040 -672 0
w -1040 -672 -992 -672 0
g -1360 -640 -1360 -608 0 0
w -992 -640 -1216 -640 0
g -1360 -688 -1440 -688 0 0
w -1360 -656 -1504 -656 0
w -1504 -656 -1504 -704 0
g -992 -320 -992 -208 0 0
w -992 -320 -992 -384 0
x -938 -785 -621 -782 4 24 Bộ\sđiều\skhiển\strung\stâm(\sEcu)
