$ 1 0.000005 15.472767971186109 64 5 50 5e-11
E -608 -368 -208 -368 8 0 0 0 0 0 0 0 0 0 0 0 0 0 0 0 0 0 0 0 0 0 0 0 0 0
404 -1248 -368 -1248 -464 0 0.0613 6.73 0 false
v -1248 -192 -1248 -304 0 0 40 12 0 0 0.5
g -1248 -192 -1248 -144 0 0
s -912 -544 -816 -544 0 0 false
404 -720 -544 -608 -544 0 0.0613 6.73 0 false
404 -992 -544 -1120 -544 0 0.0613 6.73 0 false
x -1358 -248 -1287 -245 4 14 Nguồn\sđiện
x -1312 -418 -1264 -415 4 14 Cầu\schì
x -1027 -567 -979 -564 4 14 Cầu\schì
x -687 -570 -639 -567 4 14 Cầu\schì
x -890 -578 -825 -575 4 14 Khóa\sĐiện
178 -832 -480 -976 -480 6 1 0.2 0 0.05 1000000 0.02 20 0.015 0.001 0
g -976 -448 -976 -416 0 0
g -976 -496 -1056 -496 0 0
g -608 -128 -608 -16 0 0
w -608 -128 -608 -192 0
x -554 -593 -237 -590 4 24 Bộ\sđiều\skhiển\strung\stâm(\sEcu)
