$ 1 0.000005 15.472767971186109 64 5 50 5e-11
E -992 -560 -592 -560 8 0 0 0 5.262535360047464 7.9836527766440835 0.6712417551080947 11.975479164664382 11.975478565890489 11.975479164664415 8.358884038991562 11.975479164664415 0 0 4.986147252904932 0 0 0 0 0 0 0 0 0 0 0
x -1103 -957 -286 -954 4 24 BỘ\sMÔ\sPHỎNGTHU\sTHẬP\sTÍN\sHIỆU\sHỆ\sTHỐNG\sPHUN\sXĂNG\sĐÁNH\sLỬA
404 -1632 -496 -1632 -592 0 0.0613 6.73 0 false
v -1632 -384 -1632 -496 0 0 40 12 0 0 0.5
g -1632 -384 -1632 -336 0 0
s -1296 -736 -1184 -736 0 0 false
404 -1184 -736 -992 -736 0 0.0613 6.73 0 false
404 -1296 -736 -1504 -736 0 0.0613 6.73 0 false
w -1632 -736 -1632 -592 0
x -1742 -440 -1671 -437 4 14 Nguồn\sđiện
x -1718 -543 -1670 -540 4 14 Cầu\schì
x -1411 -759 -1363 -756 4 14 Cầu\schì
x -1120 -767 -1072 -764 4 14 Cầu\schì
x -1274 -770 -1209 -767 4 14 Khóa\sĐiện
w -1504 -736 -1632 -736 0
w -1504 -704 -1504 -736 0
178 -1216 -672 -1360 -672 6 1 0.2 0.3991826388020332 0.05 1000000 0.02 20 0.015 0.001 1
w -1504 -704 -1040 -704 0
w -1040 -704 -992 -704 0
w -1216 -672 -1040 -672 0
w -1040 -672 -992 -672 0
g -1360 -640 -1360 -608 0 0
w -992 -640 -1216 -640 0
g -1360 -688 -1440 -688 0 0
w -1360 -656 -1504 -656 0
w -1504 -656 -1504 -704 0
420 -1200 -512 -1200 -400 0 6840
w -1200 -512 -992 -512 0
w -1200 -400 -1168 -400 0
w -1168 -400 -1168 -432 0
w -1168 -432 -1120 -432 0
w -1120 -432 -1120 -480 0
w -1120 -480 -992 -480 0
O -1200 -512 -1248 -512 1 0
174 -1088 -448 -1024 -320 1 100000 0.30200000000000005 Cảm Biến TPS
g -992 -320 -992 -208 0 0
w -992 -320 -992 -384 0
w -1088 -448 -992 -448 0
w -1024 -384 -1024 -416 0
w -1024 -416 -992 -416 0
w -1088 -320 -992 -320 0
b -1232 -480 -1130 -392 0
b -1112 -424 -1041 -350 0
x -1093 -335 -1006 -332 4 14 Cảm\sbiến\sTps
x -938 -785 -621 -782 4 24 Bộ\sđiều\skhiển\strung\stâm(\sEcu)
b -1120 -1040 -242 -925 0
422 -448 -560 -224 -560 0 4.986147252904932 0 0
w -592 -592 -448 -592 0
w -592 -560 -448 -560 0
w -592 -528 -448 -528 0
