$ 1 0.000005 15.472767971186109 64 5 50 5e-11
E -992 -560 -592 -560 8 0 0 0 0 0 0 0 0 0 0 0 0 0 0 0 0 0 0 0 0 0 0 0 0 0
x -1103 -957 -286 -954 4 24 BỘ\sMÔ\sPHỎNGTHU\sTHẬP\sTÍN\sHIỆU\sHỆ\sTHỐNG\sPHUN\sXĂNG\sĐÁNH\sLỬA
404 -1632 -496 -1632 -592 0 0.0613 6.73 0 false
v -1632 -384 -1632 -496 0 0 40 12 0 0 0.5
g -1632 -384 -1632 -336 0 0
s -1296 -736 -1184 -736 0 0 false
404 -1184 -736 -992 -736 0 0.0613 6.73 0 false
404 -1296 -736 -1504 -736 0 0.0613 6.73 0 false
x -1742 -440 -1671 -437 4 14 Nguồn\sđiện
x -1718 -543 -1670 -540 4 14 Cầu\schì
x -1411 -759 -1363 -756 4 14 Cầu\schì
x -1120 -767 -1072 -764 4 14 Cầu\schì
x -1274 -770 -1209 -767 4 14 Khóa\sĐiện
w -1504 -704 -1504 -736 0
178 -1216 -672 -1360 -672 6 1 0.2 0 0.05 1000000 0.02 20 0.015 0.001 0
w -1040 -704 -992 -704 0
w -1040 -672 -992 -672 0
g -1360 -640 -1360 -608 0 0
g -1360 -688 -1440 -688 0 0
418 -1456 -480 -1456 -576 0 1 100 3 0 0 0.5
w -1456 -576 -1312 -576 0
w -1296 -608 -1312 -576 0
w -1456 -480 -1408 -480 0
w -1408 -480 -1408 -544 0
w -1408 -544 -1296 -544 0
w -1296 -544 -1280 -576 0
419 -1296 -512 -1296 -432 0 1 40 3 0 0 0.5
w -1296 -512 -1296 -544 0
w -1296 -432 -1264 -432 0
w -1264 -432 -1264 -544 0
420 -1200 -512 -1200 -400 0 1800
w -1200 -400 -1168 -400 0
w -1168 -400 -1168 -432 0
w -1168 -432 -1120 -432 0
w -1120 -432 -1120 -480 0
O -1200 -512 -1248 -512 1 0
174 -1088 -448 -1024 -320 1 100000 0.30200000000000005 Cảm Biến TPS
g -992 -320 -992 -208 0 0
b -1520 -576 -1417 -473 0
b -1376 -512 -1271 -425 0
b -1232 -480 -1130 -392 0
b -1112 -424 -1041 -350 0
x -1524 -453 -1434 -450 4 14 Cảm\sBiến\sCkp
x -1396 -406 -1300 -403 4 14 Cảm\sBiến\sCMP
x -1288 -373 -1139 -370 4 14 Cảm\sbiến\snhiệt\sđộ\sTHW
x -1093 -335 -1006 -332 4 14 Cảm\sbiến\sTps
x -938 -785 -621 -782 4 24 Bộ\sđiều\skhiển\strung\stâm(\sEcu)
b -1120 -1040 -242 -925 0
422 -480 -704 -256 -704 0 0 0 0
187 -592 -496 -448 -496 0 1000 1000000000 1000 0.001
187 -592 -464 -448 -464 0 1000 1000000000 1000 0.001
187 -592 -432 -448 -432 0 1000 1000000000 1000 0.001
187 -592 -400 -448 -400 0 1000 1000000000 1000 0.001
g -448 -496 -400 -496 0 0
g -448 -464 -400 -464 0 0
g -448 -432 -400 -432 0 0
g -448 -400 -400 -400 0 0
