$ 1 0.000005 15.472767971186109 64 5 50 5e-11
E -992 -560 -592 -560 8 9.883786242378174e-8 9.883786242378174e-8 -1.9768560873263974 1.0937200993206908 0 0.39061432118596096 0 4.999972433191611 4.999972683190233 4.97497257102565 0 0 0 0 0 0 0
x -1103 -957 -286 -954 4 24 BỘ\sMÔ\sPHỎNGTHU\sTHẬP\sTÍN\sHIỆU\sHỆ\sTHỐNG\sPHUN\sXĂNG\sĐÁNH\sLỬA
404 -1632 -496 -1632 -592 0 0.0613 6.73 0 false
v -1632 -384 -1632 -496 0 0 40 5 0 0 0.5
g -1632 -384 -1632 -336 0 0
s -1296 -736 -1184 -736 0 1 false
404 -1184 -736 -992 -736 0 0.0613 6.73 0 false
404 -1296 -736 -1504 -736 0 0.0613 6.73 0 false
w -1632 -736 -1632 -592 0
x -1742 -440 -1671 -437 4 14 Nguồn\sđiện
x -1718 -543 -1670 -540 4 14 Cầu\schì
x -1411 -759 -1363 -756 4 14 Cầu\schì
x -1120 -767 -1072 -764 4 14 Cầu\schì
x -1274 -770 -1209 -767 4 14 Khóa\sĐiện
w -1504 -736 -1632 -736 0
w -1504 -704 -1504 -736 0
178 -1216 -672 -1360 -672 6 1 0.2 0 0.05 1000000 0.02 20 0.015 0.001 0
w -1504 -704 -1040 -704 0
w -1040 -704 -992 -704 0
w -1216 -672 -1040 -672 0
w -1040 -672 -992 -672 0
g -1360 -640 -1360 -608 0 0
w -992 -640 -1216 -640 0
g -1360 -688 -1440 -688 0 0
w -1360 -656 -1504 -656 0
w -1504 -656 -1504 -704 0
207 -592 -592 -496 -592 4 IGT2
207 -592 -624 -496 -624 4 IGT1
207 -592 -528 -496 -528 4 IGT4
207 -592 -560 -496 -560 4 IGT3
418 -1456 -480 -1456 -576 0 1 100 3 0 0 0.5
w -1456 -576 -1312 -576 0
w -1296 -608 -1312 -576 0
w -1296 -608 -992 -608 0
w -1456 -480 -1408 -480 0
w -1408 -480 -1408 -544 0
w -1408 -544 -1296 -544 0
w -1296 -544 -1280 -576 0
w -1280 -576 -992 -576 0
419 -1296 -512 -1296 -432 0 1 40 3 0 0 0.5
w -1296 -512 -1296 -544 0
w -1296 -432 -1264 -432 0
w -1264 -432 -1264 -544 0
w -1264 -544 -992 -544 0
420 -1200 -512 -1200 -400 0 1800
w -1200 -512 -992 -512 0
w -1200 -400 -1168 -400 0
w -1168 -400 -1168 -432 0
w -1168 -432 -1120 -432 0
w -1120 -432 -1120 -480 0
w -1120 -480 -992 -480 0
O -1200 -512 -1248 -512 1 0
174 -1088 -448 -1024 -320 1 100000 0.005 Resistance
g -992 -320 -992 -208 0 0
w -992 -320 -992 -384 0
w -1088 -448 -992 -448 0
w -1024 -384 -1024 -416 0
w -1024 -416 -992 -416 0
w -1088 -320 -992 -320 0
b -1520 -576 -1417 -473 0
b -1376 -512 -1271 -425 0
b -1232 -480 -1130 -392 0
b -1112 -424 -1041 -350 0
x -1524 -453 -1434 -450 4 14 Cảm\sBiến\sCkp
x -1396 -406 -1300 -403 4 14 Cảm\sBiến\sCMP
x -1288 -373 -1139 -370 4 14 Cảm\sbiến\snhiệt\sđộ\sTHW
x -1093 -335 -1006 -332 4 14 Cảm\sbiến\sTps
x -938 -785 -621 -782 4 24 Bộ\sđiều\skhiển\strung\stâm(\sEcu)
b -1120 -1040 -242 -925 0
o 27 64 0 x81013 5 0.1 0 8 1.25 0 27 3 0.025 0 26 0 1.25 0 26 3 0.025 0 29 0 1.25 0 29 3 0.025 0 28 0 1.25 0 28 3 0.025 0
o 43 64 0 x81013 5 0.1 0 2 1.25 0 43 3 0.025 0
o 33 64 0 x81013 5 0.1 0 2 1.25 0 33 3 0.025 0
